   1.0000000000000000e+00   0.0000000000000000e+00   5.0000000000000000e-01   5.0000000000000000e-01   5.0000000000000000e-01   7.5000000000000000e-01   6.2500000000000000e-01
   0.0000000000000000e+00   1.0000000000000000e+00   0.0000000000000000e+00   5.0000000000000000e-01   2.5000000000000000e-01   2.5000000000000000e-01   2.5000000000000000e-01
   5.0000000000000000e-01   0.0000000000000000e+00   1.0000000000000000e+00   2.5000000000000000e-01   6.2500000000000000e-01   3.7500000000000000e-01   5.0000000000000000e-01
   5.0000000000000000e-01   5.0000000000000000e-01   2.5000000000000000e-01   1.0000000000000000e+00   6.2500000000000000e-01   7.5000000000000000e-01   6.8750000000000000e-01
   5.0000000000000000e-01   2.5000000000000000e-01   6.2500000000000000e-01   6.2500000000000000e-01   1.1250000000000000e+00   5.6250000000000000e-01   8.4375000000000000e-01
   7.5000000000000000e-01   2.5000000000000000e-01   3.7500000000000000e-01   7.5000000000000000e-01   5.6250000000000000e-01   1.2500000000000000e+00   9.0625000000000000e-01
   6.2500000000000000e-01   2.5000000000000000e-01   5.0000000000000000e-01   6.8750000000000000e-01   8.4375000000000000e-01   9.0625000000000000e-01   1.2812500000000000e+00
